//		0, 1, 2, 3 are index from MyRGB.txt.
//		0 - REG color
//		1 - GREEN color
//		2 - BLACK color
//		3 - WHITE color
//		00,00,00,00,00,00,00,00, 00,00,00,00,00,00,00,00,
//		00,00,00,00,00,00,00,00, 56,56,56,56,56,56,56,56,
//		00,00,00,00,00,00,00,00, 56,56,56,56,56,56,56,56,
//		00,00,00,00,00,00,00,00, 28,28,28,28,28,28,28,28,

		-1,-1,-1,-1,-1,-1,-1,-1, 28,28,28,28,28,28,28,28, 28,28,28,28,28,28,28,28, 28,28,28,28,28,28,28,28, 28,28,28,28,28,28,28,28, 28,28,28,28,28,28,28,28, // 00
		28,28,28,28,28,28,28,28, 28,28,28,28,28,28,28,28, 28,28,28,28,28,28,28,28, 28,28,28,28,28,28,28,28, 28,28,28,28,28,28,28,28, 28,28,28,28,28,28,28,28, // 01
		28,28,28,28,28,28,28,28, 28,28,28,28,28,28,28,28, 28,28,28,28,28,28,28,28, 28,28,28,28,28,28,28,28, 28,28,28,28,28,28,28,28, 28,28,28,28,28,28,28,28, // 02
		28,28,28,28,28,28,28,28, 28,28,28,28,28,28,28,28, 28,28,28,28,28,28,28,28, 28,28,28,28,28,28,28,28, 28,28,28,28,28,28,28,28, 28,28,28,28,28,28,28,28, // 03
		28,28,28,28,28,28,28,28, 28,28,28,28,28,28,28,28, 28,28,28,28,28,28,28,28, 28,28,28,28,28,28,28,28, 28,28,28,28,28,28,28,28, 28,28,28,28,28,28,28,28, // 04
		28,28,28,28,28,28,28,28, 28,28,28,28,28,28,28,28, 28,28,28,28,28,28,28,28, 28,28,28,28,28,28,28,28, 28,28,28,28,28,28,28,28, 28,28,28,28,28,28,28,28, // 05
		28,28,28,28,28,28,28,28, 28,28,28,28,28,28,28,28, 28,28,28,28,28,28,28,28, 28,28,28,28,28,28,28,28, 00,00,00,55,00,00,00,00, 00,00,00,00,00,00,00,00, // 06
		28,28,28,28,28,28,28,28, 28,28,28,28,28,28,28,28, 28,28,28,28,28,28,28,28, 00,00,00,00,00,00,00,00, 00,00,55,55,00,00,00,00, 00,00,00,00,00,00,00,00, // 07
		28,28,28,28,28,28,28,28, 28,28,28,28,28,28,28,28, 28,28,28,28,28,28,28,28, 00,00,00,00,00,00,00,00, 00,00,55,55,55,00,00,00, 00,00,00,00,00,00,00,00, // 08
		28,28,28,28,28,28,28,28, 28,28,28,28,28,28,28,28, 28,28,28,28,28,28,28,28, 00,00,00,00,00,00,00,00, 56,56,56,56,56,56,00,00, 00,00,00,00,00,00,00,00, // 09
		28,28,28,28,28,28,28,28, 28,28,28,28,28,28,28,28, 28,28,28,28,28,28,28,28, 00,00,00,00,00,00,00,55, 56,56,56,56,56,56,56,56, 00,00,00,00,00,00,00,00, // 10
		28,28,28,28,28,28,28,28, 28,28,28,28,28,28,28,28, 00,00,00,00,00,00,00,00, 00,00,00,00,55,55,55,55, 56,56,56,56,56,56,56,56, 00,00,00,00,00,00,00,00, // 11
		28,28,28,28,28,28,28,28, 28,28,28,28,28,28,28,28, 00,00,00,00,00,00,00,00, 56,56,56,56,56,56,56,56, 56,56,56,56,56,56,56,56, 55,55,00,00,00,00,00,00, // 12
		28,28,28,28,28,28,28,28, 28,28,28,28,28,28,28,28, 00,00,00,00,00,00,00,00, 56,56,56,56,56,56,56,56, 56,56,56,56,56,56,56,56, 55,55,55,00,00,00,00,00, // 13
		28,28,28,28,28,28,28,28, 00,00,00,00,00,00,00,00, 56,56,56,56,56,56,56,56, 56,56,56,56,56,56,56,56, 56,56,56,56,56,56,56,56, 56,56,56,56,00,00,00,00, // 14
		28,28,28,28,28,28,28,28, 56,56,56,56,56,56,56,56, 56,56,56,56,56,56,56,56, 56,56,56,56,56,56,56,56, 56,56,56,56,56,56,56,56, 56,56,56,56,56,56,00,00, // 15

		56,56,56,56,56,56,56,56, 56,56,56,56,56,56,56,56, 56,56,56,56,56,56,56,56, 56,56,56,56,56,56,56,56, 56,56,56,56,56,56,56,56, 56,56,56,56,56,56,56,56, // 16
		56,56,56,56,56,56,56,56, 56,56,56,56,56,56,56,56, 56,56,56,56,56,56,56,56, 56,56,56,56,56,56,56,56, 56,56,56,56,56,56,56,56, 56,56,56,56,56,56,56,56, // 17
		56,56,56,56,56,56,56,56, 56,56,56,56,56,56,56,56, 56,56,56,56,56,56,56,56, 56,56,56,56,56,56,56,56, 56,56,56,56,56,56,56,56, 56,56,56,56,56,56,56,56, // 18
		56,56,56,56,56,56,56,56, 56,56,56,56,56,56,56,56, 56,56,56,56,56,56,56,56, 56,56,56,56,56,56,56,56, 56,56,56,56,56,56,56,56, 56,56,56,56,56,56,56,56, // 19
		56,56,56,56,56,56,56,56, 56,56,56,56,56,56,56,56, 56,56,56,56,56,56,56,56, 56,56,56,56,56,56,56,56, 56,56,56,56,56,56,56,56, 56,56,56,56,56,56,56,56, // 20
		56,56,56,56,56,56,56,56, 56,56,56,56,56,56,56,56, 56,56,56,56,56,56,56,56, 56,56,56,67,67,56,56,56, 56,56,56,56,56,56,56,56, 56,56,56,56,56,56,56,56, // 21
		56,56,56,56,56,56,56,56, 56,56,56,56,56,56,56,56, 56,56,56,56,56,56,56,56, 56,56,56,67,67,56,56,56, 56,56,56,56,56,56,56,56, 56,56,56,56,56,56,56,56, // 22
		56,56,56,56,56,56,56,56, 56,56,56,56,56,56,56,56, 56,56,56,56,56,56,56,56, 56,56,67,67,77,67,56,56, 56,56,56,56,56,56,56,56, 56,56,56,56,56,56,56,56, // 23
		56,56,56,56,56,56,56,56, 56,56,56,56,56,56,56,56, 56,56,56,56,56,56,56,56, 56,67,67,77,77,67,67,56, 56,56,56,56,56,56,56,56, 56,56,56,56,56,56,56,56, // 24
		56,56,56,56,56,56,56,56, 56,56,56,56,56,56,56,56, 56,56,56,56,56,56,56,56, 67,67,77,77,77,77,67,67, 56,56,56,56,56,56,56,56, 56,56,56,56,56,56,56,56, // 25
		56,56,67,67,56,56,56,56, 56,56,67,67,56,56,56,56, 56,56,56,56,67,67,67,67, -128,-128,-128,77,77,77,77,67, 56,56,56,56,56,56,56,56, 56,56,56,56,56,56,56,56, // 26
		56,56,67,67,67,56,56,56, 56,67,67,67,67,56,56,56, 56,56,56,67,67,67,67,67, 77,77,77,77,77,77,77,77, 67,67,67,67,56,56,56,56, 56,56,56,56,56,56,56,56, // 27
		56,56,67,67,56,56,56,56, 56,67,67,67,67,56,56,56, 56,56,56,67,67,67,67,77, 77,77,77,77,77,77,77,77, 77,67,67,67,67,56,56,56, 56,56,56,56,56,56,56,56, // 28
		56,56,56,56,56,56,56,56, 56,56,67,56,56,56,56,56, 56,56,56,67,67,67,67,67, 77,77,77,77,77,77,77,77, 67,67,67,67,56,56,56,56, 56,56,56,56,56,56,56,56, // 29
		56,56,56,56,56,56,56,56, 56,56,56,56,56,56,56,56, 56,56,56,56,56,67,67,67, 67,77,77,77,77,77,77,67, 67,67,67,56,56,56,56,56, 56,56,56,56,56,56,56,56, // 30
		56,56,56,56,56,56,56,56, 56,56,56,56,56,56,56,56, 56,56,56,56,56,56,56,67, 67,67,77,77,77,77,67,67, 56,56,56,56,56,56,56,56, 56,56,56,56,56,56,56,56, // 31
		
		56,56,56,56,56,56,56,56, 56,56,56,56,56,56,56,56, 56,56,56,56,56,56,56,56, 56,67,67,77,77,67,67,56, 56,56,56,56,56,56,56,56, 56,56,56,56,56,56,56,56, // 32
		56,56,56,56,56,56,56,56, 56,56,56,56,56,56,56,56, 56,56,56,56,56,56,56,56, 56,56,56,67,77,67,56,56, 56,56,56,56,56,56,56,56, 56,56,56,56,56,56,56,56, // 33
		56,56,56,56,56,56,56,56, 56,56,56,56,56,56,56,56, 56,56,56,56,56,56,56,56, 56,56,56,56,67,67,56,56, 56,56,56,56,56,56,56,56, 56,56,56,56,56,56,56,56, // 34
		56,56,56,56,56,56,56,56, 56,56,56,56,56,56,56,56, 56,56,56,56,56,56,56,56, 56,56,56,56,56,56,56,56, 56,56,56,56,56,56,56,56, 56,56,56,56,56,56,56,56, // 35
		56,56,56,56,56,56,56,56, 56,56,56,56,56,56,56,56, 56,56,56,56,56,56,56,56, 56,56,56,56,56,56,56,56, 56,56,56,56,56,56,56,56, 56,56,56,56,56,56,56,56, // 36
		56,56,56,56,56,56,56,56, 56,56,56,56,56,56,56,56, 56,56,56,56,56,56,56,56, 56,56,56,56,56,56,56,56, 56,56,56,56,56,56,56,56, 56,56,56,56,56,56,56,56, // 37
		56,56,56,56,56,56,56,56, 56,56,56,56,56,56,56,56, 56,56,56,56,56,56,56,56, 56,56,56,56,56,56,56,56, 56,56,56,56,56,56,56,56, 56,56,56,56,56,56,56,56, // 38
		56,56,56,56,56,56,56,56, 56,56,56,56,56,56,56,56, 56,56,56,56,56,56,56,56, 56,56,56,56,56,56,56,56, 56,56,56,56,56,56,56,56, 56,56,56,56,56,56,56,56, // 39
		56,56,56,56,56,56,56,56, 56,56,56,56,56,56,56,56, 56,56,56,56,56,56,56,56, 56,56,56,56,56,56,56,56, 56,56,56,56,56,56,56,56, 56,56,56,56,56,56,56,56, // 40
		56,56,56,56,56,56,56,56, 56,56,56,56,56,56,56,56, 56,56,56,56,56,56,56,56, 56,56,56,56,56,56,56,56, 56,56,56,56,56,56,56,56, 56,56,56,56,56,56,56,56, // 41
		56,56,56,56,56,56,56,56, 56,56,56,56,56,56,56,56, 56,56,56,56,56,56,56,56, 56,56,56,56,56,56,56,56, 56,56,56,56,56,56,56,56, 56,56,56,56,56,56,56,56, // 42
		56,56,56,56,56,56,56,56, 56,56,56,56,56,56,56,56, 56,56,56,56,56,56,56,56, 56,56,56,56,56,56,56,56, 56,56,56,56,56,56,56,56, 56,56,56,56,56,56,56,56, // 43
		56,56,56,56,56,56,56,56, 56,56,56,56,56,56,56,56, 56,56,56,56,56,56,56,56, 56,56,56,56,56,56,56,56, 56,56,56,56,56,56,56,56, 56,56,56,56,56,56,56,56, // 44
		28,28,28,28,28,28,28,28, 28,28,28,28,28,28,28,28, 28,28,28,28,28,28,28,28, 28,28,28,28,28,28,28,28, 28,28,28,28,28,28,28,28, 28,28,28,28,28,28,28,28, // 45
		28,28,28,28,28,28,28,28, 28,28,28,28,28,28,28,28, 28,28,28,28,28,28,28,28, 28,28,28,28,28,28,28,28, 28,28,28,28,28,28,28,28, 28,28,28,28,28,28,28,28, // 46
		00,00,00,00,00,00,00,00, 00,00,00,00,00,00,00,00, 00,00,00,00,00,00,00,00, 00,00,00,00,00,00,00,00, 00,00,00,00,00,00,00,00, 00,00,00,00,00,00,00,00, // 47
